3651.04
3722.04
3731.11
3762.08
3771.06
3803.05
3803.09
3834.1
3842.08
3850.03
3865.05
3874.01
3882.01
3905.15
3914.02
3940.04
3955.05
3972.08
3978.13
3981.03
3987.06
3996.01
3996.04
4010.13
4010.15
4019.06
4022.06
4028.03
4028.05
4045.01
4051.01
4054.02
4060.09
4077.04
4077.07
4086.05
4086.06
4095.03
4103.08
4110.1
4119.04
4124.04
4125.07
4128.08
4134.06
4137.1
4143.03
4151.01
4166.08
4169.04
4175.14
4175.15
4184.07
4193.14
4202.04
4205.06
4208.11
4214.03
4217.02
4222.02
4225.14
4228.02
4237.01
4237.02
4243.01
4255.05
4258.07
4263.1
4266.03
4278.03
4281.08
4290.06
4298.05
4304.06
4307.13
4319.07
4322.02
4327.09
4330.09
4336.01
4339.01
4348.07
4354.05
4354.07
4362.04
4368.05
4377.04
4380.08
4386.05
4392.04
4395.04
4395.07
4404.1
4413.08
4419.03
4422.04
4422.05
4425.02
4428.02
4434.06
4437.01
4446.01
4446.05
4452.01
4452.03
4455.07
4455.11
4461.01
4461.04
4476.03
4479.03
4479.06
4488.08
4494.04
4510.04
4513.03
4513.06
4519.02
4519.04
4528.05
4531.05
4546.04
4546.05
4553.04
4565.04
4565.06
4596.05
4596.09
4605.04
4611.03
4614.04
4617.01
4620.02
4628.05
4634.02
4637.06
4645.09
4651.02
4656.03
4659.02
4665.02
4668.08
4677.01
4677.06
4683.02
4692.01
4697.01
4700.06
4707.03
4707.04
4710.06
4715.01
4724.03
4729.01
4732.04
4732.08
4748.04
4762.04
4768.02
4781.03
4789.03
4812.02
4812.03
4818.03
4821.06
4829.01
4829.05
4846.01
4850.04
4861.04
4883.03
4889.06
4895.01
4903.08
4927.04
4936.01
4936.12
4953.04
4956.02
4962.01
4962.04
4962.08
4965.01
4990.01
4993.02
4993.12
4996.08
5001.08
5004.02
5024.08
5036.06
5045.04
5062.01
5065.04
5065.1
5065.11
5065.12
5068.02
5084.03
5093.01
5098.1
5105.01
5108.01
5114.06
5117.05
5125.03
5125.07
5128.04
5137.1
5137.11
5148.04
5156.05
5159.04
5164.04
5167.06
5175.08
5178.06
5181.04
5184.07
5187.03
5190.07
5198.04
5204.05
5207.01
5216.04
5235.05
5238.04
5238.05
5247.1
5250.05
5259.05
5262.09
5267.08
5267.09
5270.05
5270.07
5279.03
5288.09
5291.05
5294.04
5297.02
5300.05
5300.06
5303.06
5303.08
5308.04
5326.06
5329.01
5329.03
5329.06
5332.09
5335.03
5340.05
5342.1
5348.02
5351.03
5359.1
5359.11
5365.02
5371.06
5374.01
5379.09
5379.1
5382.06
5391.06
5400.05
5400.08
5403.04
5403.05
5406.02
5406.04
5411.07
5414.06
5422.04
5430.08
5433.03
5436.09
5442.02
5445.02
5450.04
5453.01
5453.05
5470.1
5476.03
5481.04
5484.09
5489.02
5489.03
5492.05
5500.02
5500.07
5506.1
5506.14
5512.03
5515.02
5520.09
5523.02
5532.01
5539.06
5542.04
5545.04
5550.05
5553.03
5561.04
5561.08
5569.05
5575.08
5578.02
5581.01
5584.04
5593.04
5593.1
5610.08
5616.01
5623.03
5626.07
5626.13
5633.04
5636.11
5659.05
5666.04
5666.05
5669.1
5679.05
5687.04
5696.03
5712.03
5721.01
5721.14
5730.08
5736.09
5746.04
5746.14
5752.07
5755.01
5755.14
5763.03
5779.04
5779.08
5785.05
5788.12
5788.13
5794.01
5797.01
5805.05
5826.02
5829.12
5838.09
5847.01
5854.09
5863.07
5869.04
5872.08
5880.02
5886.02
5905.11
5905.12
5914.03
5914.08
5922.07
5922.08
5929.01
5938.01
5938.1
5944.01
5947.02
5964.01
5971.08
5977.01
5980.07
5989.01
6004.06
6004.07
6022.04
6030.04
6030.06
6039.06
6046.02
6055.08
6064.08
6072.06
6072.12
6072.13
6079.03
6089.07
6098.07
6131.1
6140.05
6148.02
6151.03
6157.05
6164.09
6170.02
6173.04
6179.05
6182.02
6190.08
6197.01
6197.02
6203.02
6206.08
6212.04
6215.04
6224.03
6224.05
6227.02
6230.04
6233.05
6239.08
6247.06
6248.06
6257.03
6266.06
6280.12
6286.02
6289.06
6297.02
6306.07
6313.02
6319.01
6322.01
6331.01
6345.01
6352.01
6361.03
6364.07
6364.09
6379.03
6382.05
6382.08
6389.03
6395.01
6398.06
6407.07
6416.07
6416.08
6422.08
6425.04
6429.01
6432.08
6432.09
6441.01
6441.02
6441.05
6450.05
6450.12
6464.08
6474.11
6474.12
6498.09
6498.1
6526.03
6532.06
6541.03
6548.01
6551.02
6560.01
6575.06
6578.01
6584.12
6593.13
6593.14
6602.03
6602.05
6611.02
6617.09
6626.01
6644.04
6644.07
6650.07
6659.01
6659.03
6676.02
6682.03
6682.08
6691.12
6700.01
6708.02
6717.06
6726.01
6732.07
6740.1
6747.06
6753.08
6756.01
6762.02
6762.04
6765.01
6771.02
6779.04
6779.05
6795.01
6801.01
6809.07
6816.07
6822.09
6824.07
6830.08
6839.1
6847.02
6854.02
6860.12
6868.2
6876.04
6889.12
6890.01
6896.16
6920.03
6925.08
6926.01
6932.14
6932.15
6948.1
6948.11
6953.08
6955.01
6960.1
6969.08
6991.12
6998.08
7020.09
7023.04
7028.04
7049.08
7052.01
7057.07
7059.01
7079.06
7084.12
7087.09
7092.07
7100.07
7113.08
7116.04
7121.02
7128.08
7141.07
7146.04
7149.05
7154.07
7161.08
7175.05
7180.02
7183.03
7188.1
7188.13
7204.08
7207.08
7212.05
7230.1
7235.13
7243.04
7253.04
7260.09
7265.1
7281.09
7286.01
7286.05
7286.11
7288.04
7293.1
7304.08
7311.02
7311.07
7323.1
7333.02
7340.06
7344.05
7354.02
7360.1
7365.08
7365.13
7372.1
7382.04
7386.1
7388.1
7393.09
7407.13
7409.08
7414.17
7432.04
7432.09
7436.11
7443.01
7443.11
7456.03
7458.03
7463.09
7484.07
7488.24
7499.05
7502.01
7504.12
7504.18
7511.19
7520.07
7524.09
7524.16
7528.31
7538.12
7538.14
7541.01
7577.24
7580.01
7587.14
7595.17
7606.01
7610.14
7617.07
7619.05
7623.13
7634.01
7650.05
7680.03
JC001
JC002
JC003
JC005
JC006
JC008
JC009
JC011
JC013
JC014
JC018
JC019
JC020
JC022
JC023
JC024
JC027
JC032
JC034
JC035
JC038
JC042
JC044
JC045
JC046
JC047
JC049
JC051
JC052
JC053
JC055
JC056
JC057
JC058
JC059
JC063
JC065
JC066
JC072
JC074
JC075
JC076
JC077
JC078
JC079
JC080
JC081
JC082
JC083
JC084
